288.104597956
73.0522525783
65.6733769271
35.8979123777
27.6640443023
24.3193641028
21.036861731
18.3405045554
14.7976705286
13.318434656
10.4999866216
10.229538875
9.90383160886
9.56028494027
8.84393690394
8.13047108666
7.5944495732
7.1264002319
6.61906177612
6.01817566748
5.84503361709
5.56057626778
5.1490820247
5.02818887179
4.8764105482
4.70464214346
4.52792228687
4.28120344743
4.14438475969
3.98067210965
3.87972810232
3.59643461695
3.49194002441
3.39243810111
3.24725396421
3.15646016202
3.07323351709
2.99848677764
2.91675068131
2.77678719164
2.71759757121
2.64215856485
2.56563773185
2.49505750587
2.36247124685
2.31324194374
2.25061756981
2.21457603772
2.15677325965
2.09120105459
2.06073007604
2.01015092399
1.98896967862
1.95486243871
1.93720872576
1.86693162969
1.80916026389
1.79694664505
1.75833440641
1.72331413984
1.71568362503
1.64349136728
1.62079330416
1.59808937384
1.56860904271
1.51507479112
1.50404905507
1.46923302104
1.4364016699
1.39619728143
1.35167373318
1.33508852968
1.31728014454
1.25977301542
1.23536347113
1.2140954469
1.17949537145
1.14447598114
1.12036613399
1.07128988425
1.04816494388
1.01098629129
0.978836089253
0.954438072917
0.934256727056
0.910691174524
0.896044763921
0.87376265156
0.845895616002
0.829830757867
0.817341306344
0.798187094506
0.788972988605
0.775033429146
0.74847901908
0.735390021356
0.72076897878
0.713374379315
0.704399223142
0.690080250787
0.676272054773
0.660794004779
0.649701161517
0.630108995496
0.623865368646
0.609119464422
0.597544361193
0.591846132685
0.581837855502
0.576689274647
0.573721894451
0.569290701993
0.556708783544
0.544296970311
0.532733173856
0.524984997381
0.514695084561
0.506440288422
0.4964969597
0.490907262724
0.485457542096
0.475683328777
0.472338305295
0.469840278336
0.465053664172
0.45801514867
0.45657643173
0.456618106357
0.44951645093
0.444754525712
0.443912519223
0.447218584701
0.453278756749
0.455814007812
0.450195477837
0.448547922974
0.445103064785
0.440259333833
0.440498776685
0.441654722401
0.433103305576
0.428499119783
0.425037251725
0.41913906487
0.410028986894
0.399365971966
0.394104423078
0.388336520896
0.381654269526
0.37790650642
0.37059146117
0.36411264795
0.358168004153
0.353643741152
0.346812997795
0.341614969054
0.337964539482
0.330342738051
0.326529147918
0.318819785311
0.315694346461
0.311941796367
0.307341557193
0.303248580028
0.300233054932
0.295335696867
0.294072040671
0.290873616726
0.28752479128
0.282547613024
0.278687377081
0.276749436614
0.26919183229
0.264721555964
0.259393560584
0.254619454376
0.251979176137
0.247568203465
0.242631452908
0.240289742497
0.235070915365
0.230994531834
0.226645974417
0.222616522144
0.217411056024
0.212196636801
0.207822297797
0.20507545795
0.203095211426
0.200487221029
0.198263259412
0.197521971743
0.194695598653
0.193165970566
0.18952849352
0.184921898068
0.182020091098
0.180353886881
0.175481985365
0.169701815299
0.167639985516
0.164348722832
0.161287097566
0.159064740583
0.155427181786
0.153299201083
0.149190952957
0.146803163552
0.146814218872
0.145358902805
0.141211164422
0.137891320406
0.136211691613
0.133268500744
0.131912563155
0.129592592429
0.127269520614
0.125178557846
0.124742403831
0.122138813086
0.12153614196
0.119199530853
0.117650275596
0.117093870007
0.115750933254
0.115598125325
0.113775840194
0.113511511953
0.113195532675
0.113231139271
0.112640694416
0.111904761114
0.111316635518
0.110125046254
0.107867249792
0.10603917596
0.107177792302
0.106662169966
0.105341930742
0.104838200836
0.104539165923
0.103515142219
0.101220073991
0.100443174947
0.0997598943702
0.0971638053021
0.0959838678079
0.0958433210847
0.0933358466581
0.0924752042661
0.0922430942628
0.0915392091863
0.0900886944196
0.0886083988432
0.0850836678831
0.0837682994344
0.0820700524513
0.0793996145309
0.0773675908439
0.0754248115822
0.0731469054135
0.0701372287256
0.0673005280083
0.0648727595229
0.0635357356722
0.0629562328034
0.0635152720775
0.063677412618
0.0629790134796
0.061787562775
0.0610765935517
0.0601711987564
0.0584947304896
0.0573228790481
0.0568849375735
0.0565990142603
0.0568396685064
0.0563292998949
0.0551359319351
0.0541393390721
0.0526675003501
0.0513899122724
0.0505454243482
0.050051657486
0.0491210744169
0.0488056315523
0.0485783133793
0.0483302298378
0.0468839746622
0.0461237590309
0.0457417135289
0.0451002292076
0.044255390774
0.0427467567593
0.042107234024
0.0411889530935
0.0402730581297
0.0401610178141
0.040493877832
0.0401494831089
0.0393913787567
0.0383630492546
0.0370823295812
0.0359848844227
0.035100638691
0.034265451811
0.0335719763281
0.033141857641
0.0328367859435
0.0322729685991
0.0322446478136
0.0318682172992
0.0315836979011
0.0319956133881
0.0317492923411
0.0323033973107
0.0328721632879
0.0328281533258
0.032979582826
0.032583179188
0.0319132729225
0.0309302042433
0.0310434474748
0.0308792636328
0.030946634205
0.0300328260818
0.0288553636762
0.0283666340837
0.0280636707154
0.027515581085
0.0268202322685
0.0265199647866
0.0261889195446
0.0260037124093
0.0260348967214
0.026369276798
0.0265918986611
0.0270367638081
0.0273555345404
0.0270851619382
0.0269863320868
0.0266942270487
0.0266703720971
0.0262711027421
0.0262516114474
0.0258174338335
0.025579333074
0.0255860797104
0.0251325568242
0.0246506100607
0.0243325477314
0.0239071423967
0.0238284322024
0.0236303253324
0.0229154566941
0.0226801849979
0.0225144299786
0.0225597154898
0.0223606996553
0.0220264798574
0.0220516836249
0.0218011635644
0.0214802486543
0.0208789064207
0.0206074524915
0.020336817231
0.0200050124728
0.01974991226
0.019409186597
0.0191249040311
0.0191025242884
0.0188758092583
0.0187736714947
0.0185626386534
0.0186699746549
0.018474108571
0.0183931153836
0.0182928991101
0.0181230529066
0.0179035728649
0.0178624122337
0.0175196120346
0.0169766534462
0.0166658274636
0.0161279884587
0.015820589548
0.0159663296486
0.015861750829
0.015783900443
0.0155228580758
0.0150892397477
0.0147428013762
0.0147636261017
0.0149718060017
0.0150812313648
0.0153813018039
0.0151147325616
0.0147098484374
0.0141460742209
0.0136862088168
0.0132080981765
0.01254462084
0.012049438958
0.0117654725435
0.0115984463964
0.0114723459112
0.0112076783377
0.0111352735939
0.0109908450655
0.0108157752236
0.0106492572431
0.0104871351396
0.0102202547519
0.00979887605255
0.0096992763609
0.00937153318002
0.00901232231301
0.00889295073771
0.00874172440163
0.00865201153079
0.00869196460738
0.0084967105975
0.00843783942476
0.0081981800079
0.00810372635178
0.00806589665432
0.00799359911352
0.00789020912472
0.00791965020986
0.00786015185902
0.00774541612965
0.0076552555874
0.00743254774948
0.0073338370038
0.00723802193542
0.00720797281207
0.00732379704497
0.00730674684322
0.00719997285629
0.0071539957945
0.00710476996201
0.00718698671879
0.00719298594172
0.00722685406953
0.00741636809267
0.00768172909125
0.0080343156085
0.0083450367936
0.00863626806506
0.00891848296459
0.00913998751866
0.00932825105532
0.00945848366904
0.00947109104403
0.00949241050848
0.00923449479746
0.00911902759909
0.00893782284242
0.00892921225191
0.00877994832381
0.00854183407035
0.00843505744635
0.00849028670294
0.00839779892442
0.00844145450834
0.00838781492951
0.00836516906245
0.00828810545484
0.00806252823745
0.0079029915673
0.00769951742288
0.00757157790441
0.00735766317591
0.00705890587116
0.00686489256525
0.00680639892002
0.00663183823716
0.00647059914752
0.00630020291398
0.00603601451293
0.00575568262979
0.00556509993742
0.0054019778656
0.00530459081362
0.00526758309593
0.00521004718699
0.00513259243024
0.00520128373861
0.00518946303719
0.00500968110893
0.00475338023311
0.00445364234533
0.00420227289618
0.00416154947246
0.00419009890208
0.00411387965599
0.00398309156061
0.00383436811493
0.00383092424937
0.00390434889091
0.00400801162861
0.00409009167753
0.00413607246783
0.00417209122478
0.00411639741377
0.00410945206984
0.00417127778057
0.00416593425044
0.00412228447791
0.00407801968286
0.00407559635337
0.00409407417032
0.00405086742628
0.0039171395938
0.0038922073778
0.00387403924537
0.00391908038071
0.00388901611073
0.00398942207868
0.00399774006119
0.00402422983118
0.00414479068136
0.0041454466388
0.00414852494728
0.00408659383659
0.00401148124379
0.00401367733112
0.00400235491968
0.00402440181257
0.00406554389263
0.0041300556676
0.00417401193951
0.00412529280429
0.00398731869963
0.00387331265275
0.00380472249259
0.00381697142609
0.00368435579121
0.0036760294533
0.00362738696956
0.00351494597356
0.00341218091993
0.00340052015563
0.00344256568896
0.00334197636497
0.00330114048335
0.00323519936511
0.00320421677306
0.00313889440153
0.00299972176345
0.00296794568159
0.00296332198422
0.0029168136192
0.00276094106154
0.00268943077319
0.00263030070827
0.00250831655338
0.00248149137904
0.00248325030965
0.0024397205264
0.00238913304006
0.0023481318243
0.00221282799313
0.00213859225083
0.00214190161008
0.00205786623569
0.00199205860381
0.00190220089864
0.0018623072832
0.00181981674801
0.00178254026104
0.0017118333143
0.00156770097337
0.00148628182591
0.00144119362679
0.00137827379105
0.001322881917
0.0013106187403
0.00118879677592
0.00113333151953
0.00110061297011
0.0010259026034
0.00100718124279
0.00089947285711
0.00083984731057
0.00082418246076
0.000735781381579
0.0006564826707
0.000616560471789
0.000569119709133
0.00049117502304
0.00041116224848
0.00036819314679
0.000303324344428
0.000280665394743
0.000245272573533
0.000155334333785
9.30030204014e-05
6.26850223417e-05
5.78403849129e-05
